1695046464739 0.30392024010278645 0
1695046524386 0.5015985103991006 0
1695046581129 0.567207700955593 0
1695046637983 0.5949018308841243 0
1695046694077 0.6171404480847988 0
1695046750243 0.6306788524853449 0
1695046807239 0.6457831446237854 0
1695046865004 0.6618811732112744 0
1695046921177 0.6746868224524211 0
1695046976840 0.6851210551674295 0
1695047032636 0.7000898377900907 0
1695047088459 0.70751776680318 0
1695047144163 0.7211665863647314 0
1695047199939 0.7327601782702964 0
1695047255619 0.7464340921866217 0
1695047311347 0.7596061190074681 0
1695047367072 0.7631143098048663 0
1695047422745 0.7800279049225086 0
1695047478485 0.7878799285312775 0
1695047534253 0.7980305950373403 0
1695047590034 0.7997395205974465 0
1695047645846 0.8143645105597045 0
1695047701649 0.8156292660403116 0
1695047757362 0.8268840841564282 0
1695047813239 0.8328364651088092 0
