1695046464735 1.5320196000962796 0
1695046524382 1.14403147962805 0
1695046581125 0.9873038445918194 0
1695046637980 0.9180309886071976 0
1695046694074 0.8610002617108279 0
1695046750240 0.8183456623132072 0
1695046807236 0.7748195473198947 0
1695046865000 0.7407226318754193 0
1695046921174 0.7065740084467208 0
1695046976836 0.6729683948407487 0
1695047032633 0.6419147903862932 0
1695047088456 0.6140058158219966 0
1695047144160 0.5769481187023562 0
1695047199936 0.549839749982546 0
1695047255615 0.5221691492436105 0
1695047311344 0.48984216163673044 0
1695047367069 0.4725252345179225 0
1695047422742 0.4384004813673926 0
1695047478481 0.40786404706675927 0
1695047534250 0.4012816575234897 0
1695047590031 0.3821360033639969 0
1695047645843 0.3568972324415363 0
1695047701647 0.3564850208781421 0
1695047757359 0.32835540211874154 0
1695047813236 0.32186917595025055 0
